1984090721456951298
2027568019593957378
2027571543244656642
2027572229214687233
2041772596969549825
2041772889429979138
2041773048712867841
2041773132334706689
2042076382585892866
2042124852290072577
2042125036734590977
2042126220031635457
2042126328013991937
2042126454962991105
2042126765085634562
2042520801973841921
2042521407304183810
2042525114641100802
2042525134018785282
2042525218131357698
2042525237395795970
2042525273944961025
2042525317003685890
2042526438422163458
2042526457476886530
2042526476640661506
2042527230097043458
2042527259704635394
2042527302104854529
2042527320576569345
2042527338700156929
2044306371297357826
2044312024946520065
2044312045054013441
2044312064196816897
2044312083914240002
2044312103023489025
2044314085394165762
2044314108945182722
2044314132697526273
2044314227379744769
2044314251148865537
2044314275219976193
2044314393562263554
2044315163133161473
2044315199371948034
2044316282714533889
