1983818210731298817
1984090721456951298
1984090844912095233
1984091084566237185
1984140154622119938
1984140366921011202
1984141133253906433
1984141330868539394
1984141574234640386
1984141638290051073
1984141700135063553
1984141762831519745
1985168614308122626
1985169299779031041
1985169542583095297
1985169769612382210
1985171408545058817
1985172104090685442
1985172286547103746
1985172359699959810
1985172666207113217
1985173120504762369
1985173426961584129
1985528310697234433
1986335271298732034
1986335632478638081
1986336078727417857
1986337210480660482
1986337397613727746
1986337490660167682
1986337607538642946
1986338414497566722
1986338503244845058
1986338585222516737
1986338800532918274
1986339180809490434
1986340026813190146
1986708483958312962
1990360343055372289
1990360515311243266
1990360593291743234
1990360691685920770
1990361153961136129
1990361240401547266
1990361323025141762
1990362052913729537
1990362138062295041
1990362239753195522
1990362428861779970
1990362620948320257
1990362885852172289
1990362963136417794
1990363925439778818
1990364063893753857
1990364595416928258
1990364760047554562
1990364916549619713
1990364989794750466
1990365110435516418
2027568019593957378
2027571543244656642
2041772596969549825
2041772889429979138
2041773048712867841
2041773132334706689
2042076382585892866
2042124852290072577
2042125036734590977
2042126220031635457
2042126454962991105
2042126765085634562
2042520801973841921
2042521407304183810
2042525114641100802
2042525134018785282
2042525218131357698
2042525237395795970
2042525273944961025
2042526438422163458
2042526457476886530
2042526476640661506
2042527230097043458
2042527259704635394
2042527302104854529
2042527320576569345
2042527338700156929
2044306371297357826
2044312024946520065
2044312045054013441
2044312064196816897
2044312083914240002
2044312103023489025
2044314085394165762
2044314108945182722
2044314227379744769
2044314251148865537
2044314275219976193
2044314393562263554
2044315163133161473
2044315199371948034
2044316282714533889
