1986337210480660482
1986337306039488514
1986337397613727746
1986337490660167682
1986337607538642946
1986338414497566722
1986338503244845058
1986338585222516737
1986338800532918274
1986338893604524034
1986339180809490434
1986339255812034561
1986339333096280065
1986340026813190146
1986341177889591298
1986708483958312962
1990360343055372289
1990360515311243266
1990360593291743234
1990360691685920770
1990360773764255745
1990361153961136129
1990361240401547266
1990361323025141762
1990362052913729537
1990362138062295041
1990362239753195522
1990362428861779970
1990362531777417217
1990362620948320257
1990362792973504514
1990362885852172289
1990362963136417794
1990363066945441793
1990363925439778818
1990364063893753857
1990364209947807745
1990364595416928258
1990364760047554562
1990364832206360578
1990364916549619713
1990364989794750466
1990365110435516418
